2021/10/04-15:57:15.235094 7f771f4a4cc0 RocksDB version: 6.17.3
2021/10/04-15:57:15.235119 7f771f4a4cc0 Git sha rocksdb_build_git_sha:@09c7e96eac1ab983f97ce9e0406730b8014b3398@
2021/10/04-15:57:15.235120 7f771f4a4cc0 Compile date Aug 11 2021
2021/10/04-15:57:15.235148 7f771f4a4cc0 DB SUMMARY
2021/10/04-15:57:15.235149 7f771f4a4cc0 DB Session ID:  CEEP2OZ8BOR6UVIOXO61
2021/10/04-15:57:15.235165 7f771f4a4cc0 CURRENT file:  CURRENT
2021/10/04-15:57:15.235166 7f771f4a4cc0 IDENTITY file:  IDENTITY
2021/10/04-15:57:15.235168 7f771f4a4cc0 MANIFEST file:  MANIFEST-000003 size: 1312 Bytes
2021/10/04-15:57:15.235170 7f771f4a4cc0 SST files in test-ledger/rocksdb dir, Total Num: 0, files: 
2021/10/04-15:57:15.235171 7f771f4a4cc0 Write Ahead Log file in test-ledger/rocksdb: 000004.log size: 3918 ; 
2021/10/04-15:57:15.235172 7f771f4a4cc0                         Options.error_if_exists: 0
2021/10/04-15:57:15.235173 7f771f4a4cc0                       Options.create_if_missing: 1
2021/10/04-15:57:15.235174 7f771f4a4cc0                         Options.paranoid_checks: 1
2021/10/04-15:57:15.235175 7f771f4a4cc0                               Options.track_and_verify_wals_in_manifest: 0
2021/10/04-15:57:15.235176 7f771f4a4cc0                                     Options.env: 0x562cd5008280
2021/10/04-15:57:15.235177 7f771f4a4cc0                                      Options.fs: Posix File System
2021/10/04-15:57:15.235178 7f771f4a4cc0                                Options.info_log: 0x562cd64eb270
2021/10/04-15:57:15.235178 7f771f4a4cc0                Options.max_file_opening_threads: 16
2021/10/04-15:57:15.235179 7f771f4a4cc0                              Options.statistics: (nil)
2021/10/04-15:57:15.235180 7f771f4a4cc0                               Options.use_fsync: 0
2021/10/04-15:57:15.235181 7f771f4a4cc0                       Options.max_log_file_size: 0
2021/10/04-15:57:15.235182 7f771f4a4cc0                  Options.max_manifest_file_size: 1073741824
2021/10/04-15:57:15.235183 7f771f4a4cc0                   Options.log_file_time_to_roll: 0
2021/10/04-15:57:15.235183 7f771f4a4cc0                       Options.keep_log_file_num: 1000
2021/10/04-15:57:15.235184 7f771f4a4cc0                    Options.recycle_log_file_num: 0
2021/10/04-15:57:15.235185 7f771f4a4cc0                         Options.allow_fallocate: 1
2021/10/04-15:57:15.235185 7f771f4a4cc0                        Options.allow_mmap_reads: 0
2021/10/04-15:57:15.235186 7f771f4a4cc0                       Options.allow_mmap_writes: 0
2021/10/04-15:57:15.235187 7f771f4a4cc0                        Options.use_direct_reads: 0
2021/10/04-15:57:15.235187 7f771f4a4cc0                        Options.use_direct_io_for_flush_and_compaction: 0
2021/10/04-15:57:15.235188 7f771f4a4cc0          Options.create_missing_column_families: 1
2021/10/04-15:57:15.235189 7f771f4a4cc0                              Options.db_log_dir: 
2021/10/04-15:57:15.235189 7f771f4a4cc0                                 Options.wal_dir: test-ledger/rocksdb
2021/10/04-15:57:15.235190 7f771f4a4cc0                Options.table_cache_numshardbits: 6
2021/10/04-15:57:15.235191 7f771f4a4cc0                         Options.WAL_ttl_seconds: 0
2021/10/04-15:57:15.235192 7f771f4a4cc0                       Options.WAL_size_limit_MB: 0
2021/10/04-15:57:15.235192 7f771f4a4cc0                        Options.max_write_batch_group_size_bytes: 1048576
2021/10/04-15:57:15.235193 7f771f4a4cc0             Options.manifest_preallocation_size: 4194304
2021/10/04-15:57:15.235194 7f771f4a4cc0                     Options.is_fd_close_on_exec: 1
2021/10/04-15:57:15.235194 7f771f4a4cc0                   Options.advise_random_on_open: 1
2021/10/04-15:57:15.235195 7f771f4a4cc0                    Options.db_write_buffer_size: 0
2021/10/04-15:57:15.235196 7f771f4a4cc0                    Options.write_buffer_manager: 0x562cd64d87c0
2021/10/04-15:57:15.235197 7f771f4a4cc0         Options.access_hint_on_compaction_start: 1
2021/10/04-15:57:15.235197 7f771f4a4cc0  Options.new_table_reader_for_compaction_inputs: 0
2021/10/04-15:57:15.235198 7f771f4a4cc0           Options.random_access_max_buffer_size: 1048576
2021/10/04-15:57:15.235199 7f771f4a4cc0                      Options.use_adaptive_mutex: 0
2021/10/04-15:57:15.235207 7f771f4a4cc0                            Options.rate_limiter: (nil)
2021/10/04-15:57:15.235208 7f771f4a4cc0     Options.sst_file_manager.rate_bytes_per_sec: 0
2021/10/04-15:57:15.235209 7f771f4a4cc0                       Options.wal_recovery_mode: 2
2021/10/04-15:57:15.235210 7f771f4a4cc0                  Options.enable_thread_tracking: 0
2021/10/04-15:57:15.235210 7f771f4a4cc0                  Options.enable_pipelined_write: 0
2021/10/04-15:57:15.235211 7f771f4a4cc0                  Options.unordered_write: 0
2021/10/04-15:57:15.235212 7f771f4a4cc0         Options.allow_concurrent_memtable_write: 1
2021/10/04-15:57:15.235212 7f771f4a4cc0      Options.enable_write_thread_adaptive_yield: 1
2021/10/04-15:57:15.235213 7f771f4a4cc0             Options.write_thread_max_yield_usec: 100
2021/10/04-15:57:15.235214 7f771f4a4cc0            Options.write_thread_slow_yield_usec: 3
2021/10/04-15:57:15.235214 7f771f4a4cc0                               Options.row_cache: None
2021/10/04-15:57:15.235215 7f771f4a4cc0                              Options.wal_filter: None
2021/10/04-15:57:15.235216 7f771f4a4cc0             Options.avoid_flush_during_recovery: 0
2021/10/04-15:57:15.235217 7f771f4a4cc0             Options.allow_ingest_behind: 0
2021/10/04-15:57:15.235217 7f771f4a4cc0             Options.preserve_deletes: 0
2021/10/04-15:57:15.235218 7f771f4a4cc0             Options.two_write_queues: 0
2021/10/04-15:57:15.235219 7f771f4a4cc0             Options.manual_wal_flush: 0
2021/10/04-15:57:15.235219 7f771f4a4cc0             Options.atomic_flush: 0
2021/10/04-15:57:15.235220 7f771f4a4cc0             Options.avoid_unnecessary_blocking_io: 0
2021/10/04-15:57:15.235221 7f771f4a4cc0                 Options.persist_stats_to_disk: 0
2021/10/04-15:57:15.235221 7f771f4a4cc0                 Options.write_dbid_to_manifest: 0
2021/10/04-15:57:15.235222 7f771f4a4cc0                 Options.log_readahead_size: 0
2021/10/04-15:57:15.235223 7f771f4a4cc0                 Options.file_checksum_gen_factory: Unknown
2021/10/04-15:57:15.235223 7f771f4a4cc0                 Options.best_efforts_recovery: 0
2021/10/04-15:57:15.235224 7f771f4a4cc0                Options.max_bgerror_resume_count: 2147483647
2021/10/04-15:57:15.235225 7f771f4a4cc0            Options.bgerror_resume_retry_interval: 1000000
2021/10/04-15:57:15.235225 7f771f4a4cc0             Options.allow_data_in_errors: 0
2021/10/04-15:57:15.235226 7f771f4a4cc0             Options.db_host_id: __hostname__
2021/10/04-15:57:15.235227 7f771f4a4cc0             Options.max_background_jobs: 16
2021/10/04-15:57:15.235227 7f771f4a4cc0             Options.max_background_compactions: -1
2021/10/04-15:57:15.235228 7f771f4a4cc0             Options.max_subcompactions: 1
2021/10/04-15:57:15.235229 7f771f4a4cc0             Options.avoid_flush_during_shutdown: 0
2021/10/04-15:57:15.235230 7f771f4a4cc0           Options.writable_file_max_buffer_size: 1048576
2021/10/04-15:57:15.235230 7f771f4a4cc0             Options.delayed_write_rate : 16777216
2021/10/04-15:57:15.235231 7f771f4a4cc0             Options.max_total_wal_size: 4294967296
2021/10/04-15:57:15.235232 7f771f4a4cc0             Options.delete_obsolete_files_period_micros: 21600000000
2021/10/04-15:57:15.235232 7f771f4a4cc0                   Options.stats_dump_period_sec: 600
2021/10/04-15:57:15.235233 7f771f4a4cc0                 Options.stats_persist_period_sec: 600
2021/10/04-15:57:15.235234 7f771f4a4cc0                 Options.stats_history_buffer_size: 1048576
2021/10/04-15:57:15.235234 7f771f4a4cc0                          Options.max_open_files: -1
2021/10/04-15:57:15.235235 7f771f4a4cc0                          Options.bytes_per_sync: 0
2021/10/04-15:57:15.235236 7f771f4a4cc0                      Options.wal_bytes_per_sync: 0
2021/10/04-15:57:15.235237 7f771f4a4cc0                   Options.strict_bytes_per_sync: 0
2021/10/04-15:57:15.235237 7f771f4a4cc0       Options.compaction_readahead_size: 0
2021/10/04-15:57:15.235238 7f771f4a4cc0                  Options.max_background_flushes: -1
2021/10/04-15:57:15.235243 7f771f4a4cc0 Compression algorithms supported:
2021/10/04-15:57:15.235244 7f771f4a4cc0 	kZSTDNotFinalCompression supported: 0
2021/10/04-15:57:15.235245 7f771f4a4cc0 	kZSTD supported: 0
2021/10/04-15:57:15.235246 7f771f4a4cc0 	kXpressCompression supported: 0
2021/10/04-15:57:15.235247 7f771f4a4cc0 	kLZ4HCCompression supported: 1
2021/10/04-15:57:15.235247 7f771f4a4cc0 	kLZ4Compression supported: 1
2021/10/04-15:57:15.235248 7f771f4a4cc0 	kBZip2Compression supported: 0
2021/10/04-15:57:15.235249 7f771f4a4cc0 	kZlibCompression supported: 0
2021/10/04-15:57:15.235249 7f771f4a4cc0 	kSnappyCompression supported: 0
2021/10/04-15:57:15.235254 7f771f4a4cc0 Fast CRC32 supported: Supported on x86
2021/10/04-15:57:15.235282 7f771f4a4cc0 [db/version_set.cc:4757] Recovering from manifest file: test-ledger/rocksdb/MANIFEST-000003
2021/10/04-15:57:15.235365 7f771f4a4cc0 [db/column_family.cc:597] --------------- Options for column family [default]:
2021/10/04-15:57:15.235367 7f771f4a4cc0               Options.comparator: leveldb.BytewiseComparator
2021/10/04-15:57:15.235367 7f771f4a4cc0           Options.merge_operator: None
2021/10/04-15:57:15.235368 7f771f4a4cc0        Options.compaction_filter: None
2021/10/04-15:57:15.235369 7f771f4a4cc0        Options.compaction_filter_factory: None
2021/10/04-15:57:15.235370 7f771f4a4cc0  Options.sst_partitioner_factory: None
2021/10/04-15:57:15.235370 7f771f4a4cc0         Options.memtable_factory: SkipListFactory
2021/10/04-15:57:15.235371 7f771f4a4cc0            Options.table_factory: BlockBasedTable
2021/10/04-15:57:15.235387 7f771f4a4cc0            table_factory options:   flush_block_policy_factory: FlushBlockBySizePolicyFactory (0x562cd6625030)
  cache_index_and_filter_blocks: 0
  cache_index_and_filter_blocks_with_high_priority: 1
  pin_l0_filter_and_index_blocks_in_cache: 0
  pin_top_level_index_and_filter: 1
  index_type: 0
  data_block_index_type: 0
  index_shortening: 1
  data_block_hash_table_util_ratio: 0.750000
  hash_index_allow_collision: 1
  checksum: 1
  no_block_cache: 0
  block_cache: 0x562cd664e210
  block_cache_name: LRUCache
  block_cache_options:
    capacity : 8388608
    num_shard_bits : 4
    strict_capacity_limit : 0
    memory_allocator : None
    high_pri_pool_ratio: 0.000
  block_cache_compressed: (nil)
  persistent_cache: (nil)
  block_size: 4096
  block_size_deviation: 10
  block_restart_interval: 16
  index_block_restart_interval: 1
  metadata_block_size: 4096
  partition_filters: 0
  use_delta_encoding: 1
  filter_policy: nullptr
  whole_key_filtering: 1
  verify_compression: 0
  read_amp_bytes_per_bit: 0
  format_version: 4
  enable_index_compression: 1
  block_align: 0
2021/10/04-15:57:15.235388 7f771f4a4cc0        Options.write_buffer_size: 67108864
2021/10/04-15:57:15.235389 7f771f4a4cc0  Options.max_write_buffer_number: 2
2021/10/04-15:57:15.235390 7f771f4a4cc0          Options.compression: NoCompression
2021/10/04-15:57:15.235391 7f771f4a4cc0                  Options.bottommost_compression: Disabled
2021/10/04-15:57:15.235391 7f771f4a4cc0       Options.prefix_extractor: nullptr
2021/10/04-15:57:15.235392 7f771f4a4cc0   Options.memtable_insert_with_hint_prefix_extractor: nullptr
2021/10/04-15:57:15.235393 7f771f4a4cc0             Options.num_levels: 7
2021/10/04-15:57:15.235393 7f771f4a4cc0        Options.min_write_buffer_number_to_merge: 1
2021/10/04-15:57:15.235394 7f771f4a4cc0     Options.max_write_buffer_number_to_maintain: 0
2021/10/04-15:57:15.235395 7f771f4a4cc0     Options.max_write_buffer_size_to_maintain: 0
2021/10/04-15:57:15.235396 7f771f4a4cc0            Options.bottommost_compression_opts.window_bits: -14
2021/10/04-15:57:15.235396 7f771f4a4cc0                  Options.bottommost_compression_opts.level: 32767
2021/10/04-15:57:15.235397 7f771f4a4cc0               Options.bottommost_compression_opts.strategy: 0
2021/10/04-15:57:15.235398 7f771f4a4cc0         Options.bottommost_compression_opts.max_dict_bytes: 0
2021/10/04-15:57:15.235398 7f771f4a4cc0         Options.bottommost_compression_opts.zstd_max_train_bytes: 0
2021/10/04-15:57:15.235407 7f771f4a4cc0         Options.bottommost_compression_opts.parallel_threads: 1
2021/10/04-15:57:15.235408 7f771f4a4cc0                  Options.bottommost_compression_opts.enabled: false
2021/10/04-15:57:15.235409 7f771f4a4cc0            Options.compression_opts.window_bits: -14
2021/10/04-15:57:15.235410 7f771f4a4cc0                  Options.compression_opts.level: 32767
2021/10/04-15:57:15.235410 7f771f4a4cc0               Options.compression_opts.strategy: 0
2021/10/04-15:57:15.235411 7f771f4a4cc0         Options.compression_opts.max_dict_bytes: 0
2021/10/04-15:57:15.235412 7f771f4a4cc0         Options.compression_opts.zstd_max_train_bytes: 0
2021/10/04-15:57:15.235412 7f771f4a4cc0         Options.compression_opts.parallel_threads: 1
2021/10/04-15:57:15.235413 7f771f4a4cc0                  Options.compression_opts.enabled: false
2021/10/04-15:57:15.235414 7f771f4a4cc0      Options.level0_file_num_compaction_trigger: 4
2021/10/04-15:57:15.235414 7f771f4a4cc0          Options.level0_slowdown_writes_trigger: 20
2021/10/04-15:57:15.235415 7f771f4a4cc0              Options.level0_stop_writes_trigger: 36
2021/10/04-15:57:15.235416 7f771f4a4cc0                   Options.target_file_size_base: 67108864
2021/10/04-15:57:15.235416 7f771f4a4cc0             Options.target_file_size_multiplier: 1
2021/10/04-15:57:15.235417 7f771f4a4cc0                Options.max_bytes_for_level_base: 268435456
2021/10/04-15:57:15.235418 7f771f4a4cc0 Options.level_compaction_dynamic_level_bytes: 0
2021/10/04-15:57:15.235418 7f771f4a4cc0          Options.max_bytes_for_level_multiplier: 10.000000
2021/10/04-15:57:15.235420 7f771f4a4cc0 Options.max_bytes_for_level_multiplier_addtl[0]: 1
2021/10/04-15:57:15.235421 7f771f4a4cc0 Options.max_bytes_for_level_multiplier_addtl[1]: 1
2021/10/04-15:57:15.235422 7f771f4a4cc0 Options.max_bytes_for_level_multiplier_addtl[2]: 1
2021/10/04-15:57:15.235422 7f771f4a4cc0 Options.max_bytes_for_level_multiplier_addtl[3]: 1
2021/10/04-15:57:15.235423 7f771f4a4cc0 Options.max_bytes_for_level_multiplier_addtl[4]: 1
2021/10/04-15:57:15.235424 7f771f4a4cc0 Options.max_bytes_for_level_multiplier_addtl[5]: 1
2021/10/04-15:57:15.235424 7f771f4a4cc0 Options.max_bytes_for_level_multiplier_addtl[6]: 1
2021/10/04-15:57:15.235425 7f771f4a4cc0       Options.max_sequential_skip_in_iterations: 8
2021/10/04-15:57:15.235426 7f771f4a4cc0                    Options.max_compaction_bytes: 1677721600
2021/10/04-15:57:15.235426 7f771f4a4cc0                        Options.arena_block_size: 8388608
2021/10/04-15:57:15.235427 7f771f4a4cc0   Options.soft_pending_compaction_bytes_limit: 68719476736
2021/10/04-15:57:15.235428 7f771f4a4cc0   Options.hard_pending_compaction_bytes_limit: 274877906944
2021/10/04-15:57:15.235429 7f771f4a4cc0       Options.rate_limit_delay_max_milliseconds: 100
2021/10/04-15:57:15.235429 7f771f4a4cc0                Options.disable_auto_compactions: 0
2021/10/04-15:57:15.235430 7f771f4a4cc0                        Options.compaction_style: kCompactionStyleLevel
2021/10/04-15:57:15.235431 7f771f4a4cc0                          Options.compaction_pri: kMinOverlappingRatio
2021/10/04-15:57:15.235432 7f771f4a4cc0 Options.compaction_options_universal.size_ratio: 1
2021/10/04-15:57:15.235432 7f771f4a4cc0 Options.compaction_options_universal.min_merge_width: 2
2021/10/04-15:57:15.235433 7f771f4a4cc0 Options.compaction_options_universal.max_merge_width: 4294967295
2021/10/04-15:57:15.235434 7f771f4a4cc0 Options.compaction_options_universal.max_size_amplification_percent: 200
2021/10/04-15:57:15.235435 7f771f4a4cc0 Options.compaction_options_universal.compression_size_percent: -1
2021/10/04-15:57:15.235435 7f771f4a4cc0 Options.compaction_options_universal.stop_style: kCompactionStopStyleTotalSize
2021/10/04-15:57:15.235436 7f771f4a4cc0 Options.compaction_options_fifo.max_table_files_size: 1073741824
2021/10/04-15:57:15.235437 7f771f4a4cc0 Options.compaction_options_fifo.allow_compaction: 0
2021/10/04-15:57:15.235443 7f771f4a4cc0                   Options.table_properties_collectors: 
2021/10/04-15:57:15.235448 7f771f4a4cc0                   Options.inplace_update_support: 0
2021/10/04-15:57:15.235449 7f771f4a4cc0                 Options.inplace_update_num_locks: 10000
2021/10/04-15:57:15.235450 7f771f4a4cc0               Options.memtable_prefix_bloom_size_ratio: 0.000000
2021/10/04-15:57:15.235451 7f771f4a4cc0               Options.memtable_whole_key_filtering: 0
2021/10/04-15:57:15.235452 7f771f4a4cc0   Options.memtable_huge_page_size: 0
2021/10/04-15:57:15.235452 7f771f4a4cc0                           Options.bloom_locality: 0
2021/10/04-15:57:15.235453 7f771f4a4cc0                    Options.max_successive_merges: 0
2021/10/04-15:57:15.235454 7f771f4a4cc0                Options.optimize_filters_for_hits: 0
2021/10/04-15:57:15.235454 7f771f4a4cc0                Options.paranoid_file_checks: 0
2021/10/04-15:57:15.235455 7f771f4a4cc0                Options.force_consistency_checks: 1
2021/10/04-15:57:15.235455 7f771f4a4cc0                Options.report_bg_io_stats: 0
2021/10/04-15:57:15.235456 7f771f4a4cc0                               Options.ttl: 2592000
2021/10/04-15:57:15.235457 7f771f4a4cc0          Options.periodic_compaction_seconds: 0
2021/10/04-15:57:15.235457 7f771f4a4cc0                    Options.enable_blob_files: false
2021/10/04-15:57:15.235458 7f771f4a4cc0                        Options.min_blob_size: 0
2021/10/04-15:57:15.235459 7f771f4a4cc0                       Options.blob_file_size: 268435456
2021/10/04-15:57:15.235460 7f771f4a4cc0                Options.blob_compression_type: NoCompression
2021/10/04-15:57:15.235460 7f771f4a4cc0       Options.enable_blob_garbage_collection: false
2021/10/04-15:57:15.235461 7f771f4a4cc0   Options.blob_garbage_collection_age_cutoff: 0.250000
2021/10/04-15:57:15.235502 7f771f4a4cc0 [db/column_family.cc:597] --------------- Options for column family [meta]:
2021/10/04-15:57:15.235504 7f771f4a4cc0               Options.comparator: leveldb.BytewiseComparator
2021/10/04-15:57:15.235504 7f771f4a4cc0           Options.merge_operator: None
2021/10/04-15:57:15.235505 7f771f4a4cc0        Options.compaction_filter: None
2021/10/04-15:57:15.235506 7f771f4a4cc0        Options.compaction_filter_factory: purged_slot_filter_factory(meta)
2021/10/04-15:57:15.235507 7f771f4a4cc0  Options.sst_partitioner_factory: None
2021/10/04-15:57:15.235508 7f771f4a4cc0         Options.memtable_factory: SkipListFactory
2021/10/04-15:57:15.235508 7f771f4a4cc0            Options.table_factory: BlockBasedTable
2021/10/04-15:57:15.235519 7f771f4a4cc0            table_factory options:   flush_block_policy_factory: FlushBlockBySizePolicyFactory (0x562cd63e3040)
  cache_index_and_filter_blocks: 0
  cache_index_and_filter_blocks_with_high_priority: 1
  pin_l0_filter_and_index_blocks_in_cache: 0
  pin_top_level_index_and_filter: 1
  index_type: 0
  data_block_index_type: 0
  index_shortening: 1
  data_block_hash_table_util_ratio: 0.750000
  hash_index_allow_collision: 1
  checksum: 1
  no_block_cache: 0
  block_cache: 0x562cd63e92b0
  block_cache_name: LRUCache
  block_cache_options:
    capacity : 8388608
    num_shard_bits : 4
    strict_capacity_limit : 0
    memory_allocator : None
    high_pri_pool_ratio: 0.000
  block_cache_compressed: (nil)
  persistent_cache: (nil)
  block_size: 4096
  block_size_deviation: 10
  block_restart_interval: 16
  index_block_restart_interval: 1
  metadata_block_size: 4096
  partition_filters: 0
  use_delta_encoding: 1
  filter_policy: nullptr
  whole_key_filtering: 1
  verify_compression: 0
  read_amp_bytes_per_bit: 0
  format_version: 4
  enable_index_compression: 1
  block_align: 0
2021/10/04-15:57:15.235520 7f771f4a4cc0        Options.write_buffer_size: 268435456
2021/10/04-15:57:15.235521 7f771f4a4cc0  Options.max_write_buffer_number: 8
2021/10/04-15:57:15.235521 7f771f4a4cc0          Options.compression: NoCompression
2021/10/04-15:57:15.235522 7f771f4a4cc0                  Options.bottommost_compression: Disabled
2021/10/04-15:57:15.235523 7f771f4a4cc0       Options.prefix_extractor: nullptr
2021/10/04-15:57:15.235523 7f771f4a4cc0   Options.memtable_insert_with_hint_prefix_extractor: nullptr
2021/10/04-15:57:15.235532 7f771f4a4cc0             Options.num_levels: 7
2021/10/04-15:57:15.235533 7f771f4a4cc0        Options.min_write_buffer_number_to_merge: 1
2021/10/04-15:57:15.235533 7f771f4a4cc0     Options.max_write_buffer_number_to_maintain: 0
2021/10/04-15:57:15.235534 7f771f4a4cc0     Options.max_write_buffer_size_to_maintain: 0
2021/10/04-15:57:15.235535 7f771f4a4cc0            Options.bottommost_compression_opts.window_bits: -14
2021/10/04-15:57:15.235536 7f771f4a4cc0                  Options.bottommost_compression_opts.level: 32767
2021/10/04-15:57:15.235536 7f771f4a4cc0               Options.bottommost_compression_opts.strategy: 0
2021/10/04-15:57:15.235537 7f771f4a4cc0         Options.bottommost_compression_opts.max_dict_bytes: 0
2021/10/04-15:57:15.235537 7f771f4a4cc0         Options.bottommost_compression_opts.zstd_max_train_bytes: 0
2021/10/04-15:57:15.235538 7f771f4a4cc0         Options.bottommost_compression_opts.parallel_threads: 1
2021/10/04-15:57:15.235539 7f771f4a4cc0                  Options.bottommost_compression_opts.enabled: false
2021/10/04-15:57:15.235540 7f771f4a4cc0            Options.compression_opts.window_bits: -14
2021/10/04-15:57:15.235540 7f771f4a4cc0                  Options.compression_opts.level: 32767
2021/10/04-15:57:15.235541 7f771f4a4cc0               Options.compression_opts.strategy: 0
2021/10/04-15:57:15.235542 7f771f4a4cc0         Options.compression_opts.max_dict_bytes: 0
2021/10/04-15:57:15.235542 7f771f4a4cc0         Options.compression_opts.zstd_max_train_bytes: 0
2021/10/04-15:57:15.235543 7f771f4a4cc0         Options.compression_opts.parallel_threads: 1
2021/10/04-15:57:15.235544 7f771f4a4cc0                  Options.compression_opts.enabled: false
2021/10/04-15:57:15.235544 7f771f4a4cc0      Options.level0_file_num_compaction_trigger: 4
2021/10/04-15:57:15.235545 7f771f4a4cc0          Options.level0_slowdown_writes_trigger: 20
2021/10/04-15:57:15.235546 7f771f4a4cc0              Options.level0_stop_writes_trigger: 36
2021/10/04-15:57:15.235546 7f771f4a4cc0                   Options.target_file_size_base: 107374182
2021/10/04-15:57:15.235547 7f771f4a4cc0             Options.target_file_size_multiplier: 1
2021/10/04-15:57:15.235548 7f771f4a4cc0                Options.max_bytes_for_level_base: 1073741824
2021/10/04-15:57:15.235548 7f771f4a4cc0 Options.level_compaction_dynamic_level_bytes: 0
2021/10/04-15:57:15.235549 7f771f4a4cc0          Options.max_bytes_for_level_multiplier: 10.000000
2021/10/04-15:57:15.235550 7f771f4a4cc0 Options.max_bytes_for_level_multiplier_addtl[0]: 1
2021/10/04-15:57:15.235551 7f771f4a4cc0 Options.max_bytes_for_level_multiplier_addtl[1]: 1
2021/10/04-15:57:15.235552 7f771f4a4cc0 Options.max_bytes_for_level_multiplier_addtl[2]: 1
2021/10/04-15:57:15.235552 7f771f4a4cc0 Options.max_bytes_for_level_multiplier_addtl[3]: 1
2021/10/04-15:57:15.235553 7f771f4a4cc0 Options.max_bytes_for_level_multiplier_addtl[4]: 1
2021/10/04-15:57:15.235554 7f771f4a4cc0 Options.max_bytes_for_level_multiplier_addtl[5]: 1
2021/10/04-15:57:15.235554 7f771f4a4cc0 Options.max_bytes_for_level_multiplier_addtl[6]: 1
2021/10/04-15:57:15.235555 7f771f4a4cc0       Options.max_sequential_skip_in_iterations: 8
2021/10/04-15:57:15.235556 7f771f4a4cc0                    Options.max_compaction_bytes: 2684354550
2021/10/04-15:57:15.235556 7f771f4a4cc0                        Options.arena_block_size: 33554432
2021/10/04-15:57:15.235557 7f771f4a4cc0   Options.soft_pending_compaction_bytes_limit: 68719476736
2021/10/04-15:57:15.235558 7f771f4a4cc0   Options.hard_pending_compaction_bytes_limit: 274877906944
2021/10/04-15:57:15.235558 7f771f4a4cc0       Options.rate_limit_delay_max_milliseconds: 100
2021/10/04-15:57:15.235559 7f771f4a4cc0                Options.disable_auto_compactions: 0
2021/10/04-15:57:15.235560 7f771f4a4cc0                        Options.compaction_style: kCompactionStyleLevel
2021/10/04-15:57:15.235560 7f771f4a4cc0                          Options.compaction_pri: kMinOverlappingRatio
2021/10/04-15:57:15.235561 7f771f4a4cc0 Options.compaction_options_universal.size_ratio: 1
2021/10/04-15:57:15.235566 7f771f4a4cc0 Options.compaction_options_universal.min_merge_width: 2
2021/10/04-15:57:15.235567 7f771f4a4cc0 Options.compaction_options_universal.max_merge_width: 4294967295
2021/10/04-15:57:15.235568 7f771f4a4cc0 Options.compaction_options_universal.max_size_amplification_percent: 200
2021/10/04-15:57:15.235568 7f771f4a4cc0 Options.compaction_options_universal.compression_size_percent: -1
2021/10/04-15:57:15.235569 7f771f4a4cc0 Options.compaction_options_universal.stop_style: kCompactionStopStyleTotalSize
2021/10/04-15:57:15.235570 7f771f4a4cc0 Options.compaction_options_fifo.max_table_files_size: 1073741824
2021/10/04-15:57:15.235570 7f771f4a4cc0 Options.compaction_options_fifo.allow_compaction: 0
2021/10/04-15:57:15.235572 7f771f4a4cc0                   Options.table_properties_collectors: 
2021/10/04-15:57:15.235573 7f771f4a4cc0                   Options.inplace_update_support: 0
2021/10/04-15:57:15.235573 7f771f4a4cc0                 Options.inplace_update_num_locks: 10000
2021/10/04-15:57:15.235574 7f771f4a4cc0               Options.memtable_prefix_bloom_size_ratio: 0.000000
2021/10/04-15:57:15.235575 7f771f4a4cc0               Options.memtable_whole_key_filtering: 0
2021/10/04-15:57:15.235576 7f771f4a4cc0   Options.memtable_huge_page_size: 0
2021/10/04-15:57:15.235576 7f771f4a4cc0                           Options.bloom_locality: 0
2021/10/04-15:57:15.235577 7f771f4a4cc0                    Options.max_successive_merges: 0
2021/10/04-15:57:15.235578 7f771f4a4cc0                Options.optimize_filters_for_hits: 0
2021/10/04-15:57:15.235578 7f771f4a4cc0                Options.paranoid_file_checks: 0
2021/10/04-15:57:15.235579 7f771f4a4cc0                Options.force_consistency_checks: 1
2021/10/04-15:57:15.235580 7f771f4a4cc0                Options.report_bg_io_stats: 0
2021/10/04-15:57:15.235580 7f771f4a4cc0                               Options.ttl: 2592000
2021/10/04-15:57:15.235581 7f771f4a4cc0          Options.periodic_compaction_seconds: 2592000
2021/10/04-15:57:15.235582 7f771f4a4cc0                    Options.enable_blob_files: false
2021/10/04-15:57:15.235582 7f771f4a4cc0                        Options.min_blob_size: 0
2021/10/04-15:57:15.235583 7f771f4a4cc0                       Options.blob_file_size: 268435456
2021/10/04-15:57:15.235584 7f771f4a4cc0                Options.blob_compression_type: NoCompression
2021/10/04-15:57:15.235584 7f771f4a4cc0       Options.enable_blob_garbage_collection: false
2021/10/04-15:57:15.235585 7f771f4a4cc0   Options.blob_garbage_collection_age_cutoff: 0.250000
2021/10/04-15:57:15.235601 7f771f4a4cc0 [db/column_family.cc:597] --------------- Options for column family [dead_slots]:
2021/10/04-15:57:15.235602 7f771f4a4cc0               Options.comparator: leveldb.BytewiseComparator
2021/10/04-15:57:15.235603 7f771f4a4cc0           Options.merge_operator: None
2021/10/04-15:57:15.235603 7f771f4a4cc0        Options.compaction_filter: None
2021/10/04-15:57:15.235604 7f771f4a4cc0        Options.compaction_filter_factory: purged_slot_filter_factory(dead_slots)
2021/10/04-15:57:15.235605 7f771f4a4cc0  Options.sst_partitioner_factory: None
2021/10/04-15:57:15.235605 7f771f4a4cc0         Options.memtable_factory: SkipListFactory
2021/10/04-15:57:15.235606 7f771f4a4cc0            Options.table_factory: BlockBasedTable
2021/10/04-15:57:15.235616 7f771f4a4cc0            table_factory options:   flush_block_policy_factory: FlushBlockBySizePolicyFactory (0x562cd64d52a0)
  cache_index_and_filter_blocks: 0
  cache_index_and_filter_blocks_with_high_priority: 1
  pin_l0_filter_and_index_blocks_in_cache: 0
  pin_top_level_index_and_filter: 1
  index_type: 0
  data_block_index_type: 0
  index_shortening: 1
  data_block_hash_table_util_ratio: 0.750000
  hash_index_allow_collision: 1
  checksum: 1
  no_block_cache: 0
  block_cache: 0x562cd6608630
  block_cache_name: LRUCache
  block_cache_options:
    capacity : 8388608
    num_shard_bits : 4
    strict_capacity_limit : 0
    memory_allocator : None
    high_pri_pool_ratio: 0.000
  block_cache_compressed: (nil)
  persistent_cache: (nil)
  block_size: 4096
  block_size_deviation: 10
  block_restart_interval: 16
  index_block_restart_interval: 1
  metadata_block_size: 4096
  partition_filters: 0
  use_delta_encoding: 1
  filter_policy: nullptr
  whole_key_filtering: 1
  verify_compression: 0
  read_amp_bytes_per_bit: 0
  format_version: 4
  enable_index_compression: 1
  block_align: 0
2021/10/04-15:57:15.235623 7f771f4a4cc0        Options.write_buffer_size: 268435456
2021/10/04-15:57:15.235624 7f771f4a4cc0  Options.max_write_buffer_number: 8
2021/10/04-15:57:15.235625 7f771f4a4cc0          Options.compression: NoCompression
2021/10/04-15:57:15.235625 7f771f4a4cc0                  Options.bottommost_compression: Disabled
2021/10/04-15:57:15.235626 7f771f4a4cc0       Options.prefix_extractor: nullptr
2021/10/04-15:57:15.235627 7f771f4a4cc0   Options.memtable_insert_with_hint_prefix_extractor: nullptr
2021/10/04-15:57:15.235627 7f771f4a4cc0             Options.num_levels: 7
2021/10/04-15:57:15.235628 7f771f4a4cc0        Options.min_write_buffer_number_to_merge: 1
2021/10/04-15:57:15.235629 7f771f4a4cc0     Options.max_write_buffer_number_to_maintain: 0
2021/10/04-15:57:15.235629 7f771f4a4cc0     Options.max_write_buffer_size_to_maintain: 0
2021/10/04-15:57:15.235630 7f771f4a4cc0            Options.bottommost_compression_opts.window_bits: -14
2021/10/04-15:57:15.235631 7f771f4a4cc0                  Options.bottommost_compression_opts.level: 32767
2021/10/04-15:57:15.235631 7f771f4a4cc0               Options.bottommost_compression_opts.strategy: 0
2021/10/04-15:57:15.235632 7f771f4a4cc0         Options.bottommost_compression_opts.max_dict_bytes: 0
2021/10/04-15:57:15.235633 7f771f4a4cc0         Options.bottommost_compression_opts.zstd_max_train_bytes: 0
2021/10/04-15:57:15.235633 7f771f4a4cc0         Options.bottommost_compression_opts.parallel_threads: 1
2021/10/04-15:57:15.235634 7f771f4a4cc0                  Options.bottommost_compression_opts.enabled: false
2021/10/04-15:57:15.235635 7f771f4a4cc0            Options.compression_opts.window_bits: -14
2021/10/04-15:57:15.235635 7f771f4a4cc0                  Options.compression_opts.level: 32767
2021/10/04-15:57:15.235636 7f771f4a4cc0               Options.compression_opts.strategy: 0
2021/10/04-15:57:15.235636 7f771f4a4cc0         Options.compression_opts.max_dict_bytes: 0
2021/10/04-15:57:15.235637 7f771f4a4cc0         Options.compression_opts.zstd_max_train_bytes: 0
2021/10/04-15:57:15.235638 7f771f4a4cc0         Options.compression_opts.parallel_threads: 1
2021/10/04-15:57:15.235638 7f771f4a4cc0                  Options.compression_opts.enabled: false
2021/10/04-15:57:15.235639 7f771f4a4cc0      Options.level0_file_num_compaction_trigger: 4
2021/10/04-15:57:15.235640 7f771f4a4cc0          Options.level0_slowdown_writes_trigger: 20
2021/10/04-15:57:15.235640 7f771f4a4cc0              Options.level0_stop_writes_trigger: 36
2021/10/04-15:57:15.235641 7f771f4a4cc0                   Options.target_file_size_base: 107374182
2021/10/04-15:57:15.235642 7f771f4a4cc0             Options.target_file_size_multiplier: 1
2021/10/04-15:57:15.235642 7f771f4a4cc0                Options.max_bytes_for_level_base: 1073741824
2021/10/04-15:57:15.235643 7f771f4a4cc0 Options.level_compaction_dynamic_level_bytes: 0
2021/10/04-15:57:15.235644 7f771f4a4cc0          Options.max_bytes_for_level_multiplier: 10.000000
2021/10/04-15:57:15.235645 7f771f4a4cc0 Options.max_bytes_for_level_multiplier_addtl[0]: 1
2021/10/04-15:57:15.235646 7f771f4a4cc0 Options.max_bytes_for_level_multiplier_addtl[1]: 1
2021/10/04-15:57:15.235646 7f771f4a4cc0 Options.max_bytes_for_level_multiplier_addtl[2]: 1
2021/10/04-15:57:15.235647 7f771f4a4cc0 Options.max_bytes_for_level_multiplier_addtl[3]: 1
2021/10/04-15:57:15.235648 7f771f4a4cc0 Options.max_bytes_for_level_multiplier_addtl[4]: 1
2021/10/04-15:57:15.235648 7f771f4a4cc0 Options.max_bytes_for_level_multiplier_addtl[5]: 1
2021/10/04-15:57:15.235649 7f771f4a4cc0 Options.max_bytes_for_level_multiplier_addtl[6]: 1
2021/10/04-15:57:15.235654 7f771f4a4cc0       Options.max_sequential_skip_in_iterations: 8
2021/10/04-15:57:15.235655 7f771f4a4cc0                    Options.max_compaction_bytes: 2684354550
2021/10/04-15:57:15.235655 7f771f4a4cc0                        Options.arena_block_size: 33554432
2021/10/04-15:57:15.235656 7f771f4a4cc0   Options.soft_pending_compaction_bytes_limit: 68719476736
2021/10/04-15:57:15.235657 7f771f4a4cc0   Options.hard_pending_compaction_bytes_limit: 274877906944
2021/10/04-15:57:15.235657 7f771f4a4cc0       Options.rate_limit_delay_max_milliseconds: 100
2021/10/04-15:57:15.235658 7f771f4a4cc0                Options.disable_auto_compactions: 0
2021/10/04-15:57:15.235659 7f771f4a4cc0                        Options.compaction_style: kCompactionStyleLevel
2021/10/04-15:57:15.235660 7f771f4a4cc0                          Options.compaction_pri: kMinOverlappingRatio
2021/10/04-15:57:15.235660 7f771f4a4cc0 Options.compaction_options_universal.size_ratio: 1
2021/10/04-15:57:15.235661 7f771f4a4cc0 Options.compaction_options_universal.min_merge_width: 2
2021/10/04-15:57:15.235662 7f771f4a4cc0 Options.compaction_options_universal.max_merge_width: 4294967295
2021/10/04-15:57:15.235662 7f771f4a4cc0 Options.compaction_options_universal.max_size_amplification_percent: 200
2021/10/04-15:57:15.235663 7f771f4a4cc0 Options.compaction_options_universal.compression_size_percent: -1
2021/10/04-15:57:15.235664 7f771f4a4cc0 Options.compaction_options_universal.stop_style: kCompactionStopStyleTotalSize
2021/10/04-15:57:15.235664 7f771f4a4cc0 Options.compaction_options_fifo.max_table_files_size: 1073741824
2021/10/04-15:57:15.235665 7f771f4a4cc0 Options.compaction_options_fifo.allow_compaction: 0
2021/10/04-15:57:15.235666 7f771f4a4cc0                   Options.table_properties_collectors: 
2021/10/04-15:57:15.235667 7f771f4a4cc0                   Options.inplace_update_support: 0
2021/10/04-15:57:15.235668 7f771f4a4cc0                 Options.inplace_update_num_locks: 10000
2021/10/04-15:57:15.235668 7f771f4a4cc0               Options.memtable_prefix_bloom_size_ratio: 0.000000
2021/10/04-15:57:15.235669 7f771f4a4cc0               Options.memtable_whole_key_filtering: 0
2021/10/04-15:57:15.235670 7f771f4a4cc0   Options.memtable_huge_page_size: 0
2021/10/04-15:57:15.235671 7f771f4a4cc0                           Options.bloom_locality: 0
2021/10/04-15:57:15.235671 7f771f4a4cc0                    Options.max_successive_merges: 0
2021/10/04-15:57:15.235672 7f771f4a4cc0                Options.optimize_filters_for_hits: 0
2021/10/04-15:57:15.235673 7f771f4a4cc0                Options.paranoid_file_checks: 0
2021/10/04-15:57:15.235673 7f771f4a4cc0                Options.force_consistency_checks: 1
2021/10/04-15:57:15.235674 7f771f4a4cc0                Options.report_bg_io_stats: 0
2021/10/04-15:57:15.235675 7f771f4a4cc0                               Options.ttl: 2592000
2021/10/04-15:57:15.235675 7f771f4a4cc0          Options.periodic_compaction_seconds: 2592000
2021/10/04-15:57:15.235676 7f771f4a4cc0                    Options.enable_blob_files: false
2021/10/04-15:57:15.235676 7f771f4a4cc0                        Options.min_blob_size: 0
2021/10/04-15:57:15.235677 7f771f4a4cc0                       Options.blob_file_size: 268435456
2021/10/04-15:57:15.235678 7f771f4a4cc0                Options.blob_compression_type: NoCompression
2021/10/04-15:57:15.235678 7f771f4a4cc0       Options.enable_blob_garbage_collection: false
2021/10/04-15:57:15.235679 7f771f4a4cc0   Options.blob_garbage_collection_age_cutoff: 0.250000
2021/10/04-15:57:15.235695 7f771f4a4cc0 [db/column_family.cc:597] --------------- Options for column family [duplicate_slots]:
2021/10/04-15:57:15.235696 7f771f4a4cc0               Options.comparator: leveldb.BytewiseComparator
2021/10/04-15:57:15.235697 7f771f4a4cc0           Options.merge_operator: None
2021/10/04-15:57:15.235697 7f771f4a4cc0        Options.compaction_filter: None
2021/10/04-15:57:15.235698 7f771f4a4cc0        Options.compaction_filter_factory: purged_slot_filter_factory(duplicate_slots)
2021/10/04-15:57:15.235699 7f771f4a4cc0  Options.sst_partitioner_factory: None
2021/10/04-15:57:15.235705 7f771f4a4cc0         Options.memtable_factory: SkipListFactory
2021/10/04-15:57:15.235706 7f771f4a4cc0            Options.table_factory: BlockBasedTable
2021/10/04-15:57:15.235716 7f771f4a4cc0            table_factory options:   flush_block_policy_factory: FlushBlockBySizePolicyFactory (0x562cd6569fa0)
  cache_index_and_filter_blocks: 0
  cache_index_and_filter_blocks_with_high_priority: 1
  pin_l0_filter_and_index_blocks_in_cache: 0
  pin_top_level_index_and_filter: 1
  index_type: 0
  data_block_index_type: 0
  index_shortening: 1
  data_block_hash_table_util_ratio: 0.750000
  hash_index_allow_collision: 1
  checksum: 1
  no_block_cache: 0
  block_cache: 0x562cd64384c0
  block_cache_name: LRUCache
  block_cache_options:
    capacity : 8388608
    num_shard_bits : 4
    strict_capacity_limit : 0
    memory_allocator : None
    high_pri_pool_ratio: 0.000
  block_cache_compressed: (nil)
  persistent_cache: (nil)
  block_size: 4096
  block_size_deviation: 10
  block_restart_interval: 16
  index_block_restart_interval: 1
  metadata_block_size: 4096
  partition_filters: 0
  use_delta_encoding: 1
  filter_policy: nullptr
  whole_key_filtering: 1
  verify_compression: 0
  read_amp_bytes_per_bit: 0
  format_version: 4
  enable_index_compression: 1
  block_align: 0
2021/10/04-15:57:15.235717 7f771f4a4cc0        Options.write_buffer_size: 268435456
2021/10/04-15:57:15.235718 7f771f4a4cc0  Options.max_write_buffer_number: 8
2021/10/04-15:57:15.235718 7f771f4a4cc0          Options.compression: NoCompression
2021/10/04-15:57:15.235719 7f771f4a4cc0                  Options.bottommost_compression: Disabled
2021/10/04-15:57:15.235719 7f771f4a4cc0       Options.prefix_extractor: nullptr
2021/10/04-15:57:15.235720 7f771f4a4cc0   Options.memtable_insert_with_hint_prefix_extractor: nullptr
2021/10/04-15:57:15.235721 7f771f4a4cc0             Options.num_levels: 7
2021/10/04-15:57:15.235722 7f771f4a4cc0        Options.min_write_buffer_number_to_merge: 1
2021/10/04-15:57:15.235722 7f771f4a4cc0     Options.max_write_buffer_number_to_maintain: 0
2021/10/04-15:57:15.235723 7f771f4a4cc0     Options.max_write_buffer_size_to_maintain: 0
2021/10/04-15:57:15.235724 7f771f4a4cc0            Options.bottommost_compression_opts.window_bits: -14
2021/10/04-15:57:15.235724 7f771f4a4cc0                  Options.bottommost_compression_opts.level: 32767
2021/10/04-15:57:15.235725 7f771f4a4cc0               Options.bottommost_compression_opts.strategy: 0
2021/10/04-15:57:15.235726 7f771f4a4cc0         Options.bottommost_compression_opts.max_dict_bytes: 0
2021/10/04-15:57:15.235726 7f771f4a4cc0         Options.bottommost_compression_opts.zstd_max_train_bytes: 0
2021/10/04-15:57:15.235727 7f771f4a4cc0         Options.bottommost_compression_opts.parallel_threads: 1
2021/10/04-15:57:15.235728 7f771f4a4cc0                  Options.bottommost_compression_opts.enabled: false
2021/10/04-15:57:15.235728 7f771f4a4cc0            Options.compression_opts.window_bits: -14
