2021/10/04-15:57:14.747542 7f771f4a4cc0 RocksDB version: 6.17.3
2021/10/04-15:57:14.747590 7f771f4a4cc0 Git sha rocksdb_build_git_sha:@09c7e96eac1ab983f97ce9e0406730b8014b3398@
2021/10/04-15:57:14.747592 7f771f4a4cc0 Compile date Aug 11 2021
2021/10/04-15:57:14.747618 7f771f4a4cc0 DB SUMMARY
2021/10/04-15:57:14.747619 7f771f4a4cc0 DB Session ID:  KO2VPIVARK5XQ78HIY6D
2021/10/04-15:57:14.747633 7f771f4a4cc0 SST files in test-ledger/rocksdb dir, Total Num: 0, files: 
2021/10/04-15:57:14.747634 7f771f4a4cc0 Write Ahead Log file in test-ledger/rocksdb: 
2021/10/04-15:57:14.747635 7f771f4a4cc0                         Options.error_if_exists: 0
2021/10/04-15:57:14.747637 7f771f4a4cc0                       Options.create_if_missing: 1
2021/10/04-15:57:14.747637 7f771f4a4cc0                         Options.paranoid_checks: 1
2021/10/04-15:57:14.747638 7f771f4a4cc0                               Options.track_and_verify_wals_in_manifest: 0
2021/10/04-15:57:14.747639 7f771f4a4cc0                                     Options.env: 0x562cd5008280
2021/10/04-15:57:14.747640 7f771f4a4cc0                                      Options.fs: Posix File System
2021/10/04-15:57:14.747641 7f771f4a4cc0                                Options.info_log: 0x562cd63e3040
2021/10/04-15:57:14.747642 7f771f4a4cc0                Options.max_file_opening_threads: 16
2021/10/04-15:57:14.747643 7f771f4a4cc0                              Options.statistics: (nil)
2021/10/04-15:57:14.747644 7f771f4a4cc0                               Options.use_fsync: 0
2021/10/04-15:57:14.747644 7f771f4a4cc0                       Options.max_log_file_size: 0
2021/10/04-15:57:14.747645 7f771f4a4cc0                  Options.max_manifest_file_size: 1073741824
2021/10/04-15:57:14.747646 7f771f4a4cc0                   Options.log_file_time_to_roll: 0
2021/10/04-15:57:14.747646 7f771f4a4cc0                       Options.keep_log_file_num: 1000
2021/10/04-15:57:14.747647 7f771f4a4cc0                    Options.recycle_log_file_num: 0
2021/10/04-15:57:14.747648 7f771f4a4cc0                         Options.allow_fallocate: 1
2021/10/04-15:57:14.747648 7f771f4a4cc0                        Options.allow_mmap_reads: 0
2021/10/04-15:57:14.747649 7f771f4a4cc0                       Options.allow_mmap_writes: 0
2021/10/04-15:57:14.747650 7f771f4a4cc0                        Options.use_direct_reads: 0
2021/10/04-15:57:14.747650 7f771f4a4cc0                        Options.use_direct_io_for_flush_and_compaction: 0
2021/10/04-15:57:14.747651 7f771f4a4cc0          Options.create_missing_column_families: 1
2021/10/04-15:57:14.747652 7f771f4a4cc0                              Options.db_log_dir: 
2021/10/04-15:57:14.747652 7f771f4a4cc0                                 Options.wal_dir: test-ledger/rocksdb
2021/10/04-15:57:14.747653 7f771f4a4cc0                Options.table_cache_numshardbits: 6
2021/10/04-15:57:14.747654 7f771f4a4cc0                         Options.WAL_ttl_seconds: 0
2021/10/04-15:57:14.747655 7f771f4a4cc0                       Options.WAL_size_limit_MB: 0
2021/10/04-15:57:14.747655 7f771f4a4cc0                        Options.max_write_batch_group_size_bytes: 1048576
2021/10/04-15:57:14.747656 7f771f4a4cc0             Options.manifest_preallocation_size: 4194304
2021/10/04-15:57:14.747657 7f771f4a4cc0                     Options.is_fd_close_on_exec: 1
2021/10/04-15:57:14.747657 7f771f4a4cc0                   Options.advise_random_on_open: 1
2021/10/04-15:57:14.747658 7f771f4a4cc0                    Options.db_write_buffer_size: 0
2021/10/04-15:57:14.747659 7f771f4a4cc0                    Options.write_buffer_manager: 0x562cd6438440
2021/10/04-15:57:14.747659 7f771f4a4cc0         Options.access_hint_on_compaction_start: 1
2021/10/04-15:57:14.747660 7f771f4a4cc0  Options.new_table_reader_for_compaction_inputs: 0
2021/10/04-15:57:14.747661 7f771f4a4cc0           Options.random_access_max_buffer_size: 1048576
2021/10/04-15:57:14.747661 7f771f4a4cc0                      Options.use_adaptive_mutex: 0
2021/10/04-15:57:14.747662 7f771f4a4cc0                            Options.rate_limiter: (nil)
2021/10/04-15:57:14.747663 7f771f4a4cc0     Options.sst_file_manager.rate_bytes_per_sec: 0
2021/10/04-15:57:14.747672 7f771f4a4cc0                       Options.wal_recovery_mode: 2
2021/10/04-15:57:14.747672 7f771f4a4cc0                  Options.enable_thread_tracking: 0
2021/10/04-15:57:14.747673 7f771f4a4cc0                  Options.enable_pipelined_write: 0
2021/10/04-15:57:14.747674 7f771f4a4cc0                  Options.unordered_write: 0
2021/10/04-15:57:14.747674 7f771f4a4cc0         Options.allow_concurrent_memtable_write: 1
2021/10/04-15:57:14.747675 7f771f4a4cc0      Options.enable_write_thread_adaptive_yield: 1
2021/10/04-15:57:14.747676 7f771f4a4cc0             Options.write_thread_max_yield_usec: 100
2021/10/04-15:57:14.747676 7f771f4a4cc0            Options.write_thread_slow_yield_usec: 3
2021/10/04-15:57:14.747677 7f771f4a4cc0                               Options.row_cache: None
2021/10/04-15:57:14.747678 7f771f4a4cc0                              Options.wal_filter: None
2021/10/04-15:57:14.747678 7f771f4a4cc0             Options.avoid_flush_during_recovery: 0
2021/10/04-15:57:14.747679 7f771f4a4cc0             Options.allow_ingest_behind: 0
2021/10/04-15:57:14.747680 7f771f4a4cc0             Options.preserve_deletes: 0
2021/10/04-15:57:14.747681 7f771f4a4cc0             Options.two_write_queues: 0
2021/10/04-15:57:14.747681 7f771f4a4cc0             Options.manual_wal_flush: 0
2021/10/04-15:57:14.747682 7f771f4a4cc0             Options.atomic_flush: 0
2021/10/04-15:57:14.747682 7f771f4a4cc0             Options.avoid_unnecessary_blocking_io: 0
2021/10/04-15:57:14.747683 7f771f4a4cc0                 Options.persist_stats_to_disk: 0
2021/10/04-15:57:14.747684 7f771f4a4cc0                 Options.write_dbid_to_manifest: 0
2021/10/04-15:57:14.747684 7f771f4a4cc0                 Options.log_readahead_size: 0
2021/10/04-15:57:14.747685 7f771f4a4cc0                 Options.file_checksum_gen_factory: Unknown
2021/10/04-15:57:14.747686 7f771f4a4cc0                 Options.best_efforts_recovery: 0
2021/10/04-15:57:14.747686 7f771f4a4cc0                Options.max_bgerror_resume_count: 2147483647
2021/10/04-15:57:14.747687 7f771f4a4cc0            Options.bgerror_resume_retry_interval: 1000000
2021/10/04-15:57:14.747688 7f771f4a4cc0             Options.allow_data_in_errors: 0
2021/10/04-15:57:14.747688 7f771f4a4cc0             Options.db_host_id: __hostname__
2021/10/04-15:57:14.747689 7f771f4a4cc0             Options.max_background_jobs: 16
2021/10/04-15:57:14.747690 7f771f4a4cc0             Options.max_background_compactions: -1
2021/10/04-15:57:14.747691 7f771f4a4cc0             Options.max_subcompactions: 1
2021/10/04-15:57:14.747691 7f771f4a4cc0             Options.avoid_flush_during_shutdown: 0
2021/10/04-15:57:14.747692 7f771f4a4cc0           Options.writable_file_max_buffer_size: 1048576
2021/10/04-15:57:14.747693 7f771f4a4cc0             Options.delayed_write_rate : 16777216
2021/10/04-15:57:14.747693 7f771f4a4cc0             Options.max_total_wal_size: 4294967296
2021/10/04-15:57:14.747694 7f771f4a4cc0             Options.delete_obsolete_files_period_micros: 21600000000
2021/10/04-15:57:14.747695 7f771f4a4cc0                   Options.stats_dump_period_sec: 600
2021/10/04-15:57:14.747695 7f771f4a4cc0                 Options.stats_persist_period_sec: 600
2021/10/04-15:57:14.747696 7f771f4a4cc0                 Options.stats_history_buffer_size: 1048576
2021/10/04-15:57:14.747697 7f771f4a4cc0                          Options.max_open_files: -1
2021/10/04-15:57:14.747697 7f771f4a4cc0                          Options.bytes_per_sync: 0
2021/10/04-15:57:14.747698 7f771f4a4cc0                      Options.wal_bytes_per_sync: 0
2021/10/04-15:57:14.747699 7f771f4a4cc0                   Options.strict_bytes_per_sync: 0
2021/10/04-15:57:14.747699 7f771f4a4cc0       Options.compaction_readahead_size: 0
2021/10/04-15:57:14.747700 7f771f4a4cc0                  Options.max_background_flushes: -1
2021/10/04-15:57:14.747701 7f771f4a4cc0 Compression algorithms supported:
2021/10/04-15:57:14.747702 7f771f4a4cc0 	kZSTDNotFinalCompression supported: 0
2021/10/04-15:57:14.747703 7f771f4a4cc0 	kZSTD supported: 0
2021/10/04-15:57:14.747709 7f771f4a4cc0 	kXpressCompression supported: 0
2021/10/04-15:57:14.747710 7f771f4a4cc0 	kLZ4HCCompression supported: 1
2021/10/04-15:57:14.747711 7f771f4a4cc0 	kLZ4Compression supported: 1
2021/10/04-15:57:14.747712 7f771f4a4cc0 	kBZip2Compression supported: 0
2021/10/04-15:57:14.747712 7f771f4a4cc0 	kZlibCompression supported: 0
2021/10/04-15:57:14.747713 7f771f4a4cc0 	kSnappyCompression supported: 0
2021/10/04-15:57:14.747718 7f771f4a4cc0 Fast CRC32 supported: Supported on x86
2021/10/04-15:57:14.751594 7f771f4a4cc0 [db/db_impl/db_impl_open.cc:283] Creating manifest 1 
2021/10/04-15:57:14.761147 7f771f4a4cc0 [db/version_set.cc:4757] Recovering from manifest file: test-ledger/rocksdb/MANIFEST-000001
2021/10/04-15:57:14.761280 7f771f4a4cc0 [db/column_family.cc:597] --------------- Options for column family [default]:
2021/10/04-15:57:14.761283 7f771f4a4cc0               Options.comparator: leveldb.BytewiseComparator
2021/10/04-15:57:14.761284 7f771f4a4cc0           Options.merge_operator: None
2021/10/04-15:57:14.761285 7f771f4a4cc0        Options.compaction_filter: None
2021/10/04-15:57:14.761285 7f771f4a4cc0        Options.compaction_filter_factory: None
2021/10/04-15:57:14.761286 7f771f4a4cc0  Options.sst_partitioner_factory: None
2021/10/04-15:57:14.761287 7f771f4a4cc0         Options.memtable_factory: SkipListFactory
2021/10/04-15:57:14.761288 7f771f4a4cc0            Options.table_factory: BlockBasedTable
2021/10/04-15:57:14.761308 7f771f4a4cc0            table_factory options:   flush_block_policy_factory: FlushBlockBySizePolicyFactory (0x562cd642fd80)
  cache_index_and_filter_blocks: 0
  cache_index_and_filter_blocks_with_high_priority: 1
  pin_l0_filter_and_index_blocks_in_cache: 0
  pin_top_level_index_and_filter: 1
  index_type: 0
  data_block_index_type: 0
  index_shortening: 1
  data_block_hash_table_util_ratio: 0.750000
  hash_index_allow_collision: 1
  checksum: 1
  no_block_cache: 0
  block_cache: 0x562cd642fdd0
  block_cache_name: LRUCache
  block_cache_options:
    capacity : 8388608
    num_shard_bits : 4
    strict_capacity_limit : 0
    memory_allocator : None
    high_pri_pool_ratio: 0.000
  block_cache_compressed: (nil)
  persistent_cache: (nil)
  block_size: 4096
  block_size_deviation: 10
  block_restart_interval: 16
  index_block_restart_interval: 1
  metadata_block_size: 4096
  partition_filters: 0
  use_delta_encoding: 1
  filter_policy: nullptr
  whole_key_filtering: 1
  verify_compression: 0
  read_amp_bytes_per_bit: 0
  format_version: 4
  enable_index_compression: 1
  block_align: 0
2021/10/04-15:57:14.761309 7f771f4a4cc0        Options.write_buffer_size: 67108864
2021/10/04-15:57:14.761310 7f771f4a4cc0  Options.max_write_buffer_number: 2
2021/10/04-15:57:14.761311 7f771f4a4cc0          Options.compression: NoCompression
2021/10/04-15:57:14.761312 7f771f4a4cc0                  Options.bottommost_compression: Disabled
2021/10/04-15:57:14.761312 7f771f4a4cc0       Options.prefix_extractor: nullptr
2021/10/04-15:57:14.761313 7f771f4a4cc0   Options.memtable_insert_with_hint_prefix_extractor: nullptr
2021/10/04-15:57:14.761314 7f771f4a4cc0             Options.num_levels: 7
2021/10/04-15:57:14.761315 7f771f4a4cc0        Options.min_write_buffer_number_to_merge: 1
2021/10/04-15:57:14.761315 7f771f4a4cc0     Options.max_write_buffer_number_to_maintain: 0
2021/10/04-15:57:14.761316 7f771f4a4cc0     Options.max_write_buffer_size_to_maintain: 0
2021/10/04-15:57:14.761330 7f771f4a4cc0            Options.bottommost_compression_opts.window_bits: -14
2021/10/04-15:57:14.761332 7f771f4a4cc0                  Options.bottommost_compression_opts.level: 32767
2021/10/04-15:57:14.761332 7f771f4a4cc0               Options.bottommost_compression_opts.strategy: 0
2021/10/04-15:57:14.761333 7f771f4a4cc0         Options.bottommost_compression_opts.max_dict_bytes: 0
2021/10/04-15:57:14.761334 7f771f4a4cc0         Options.bottommost_compression_opts.zstd_max_train_bytes: 0
2021/10/04-15:57:14.761334 7f771f4a4cc0         Options.bottommost_compression_opts.parallel_threads: 1
2021/10/04-15:57:14.761384 7f771f4a4cc0                  Options.bottommost_compression_opts.enabled: false
2021/10/04-15:57:14.761387 7f771f4a4cc0            Options.compression_opts.window_bits: -14
2021/10/04-15:57:14.761388 7f771f4a4cc0                  Options.compression_opts.level: 32767
2021/10/04-15:57:14.761388 7f771f4a4cc0               Options.compression_opts.strategy: 0
2021/10/04-15:57:14.761389 7f771f4a4cc0         Options.compression_opts.max_dict_bytes: 0
2021/10/04-15:57:14.761390 7f771f4a4cc0         Options.compression_opts.zstd_max_train_bytes: 0
2021/10/04-15:57:14.761391 7f771f4a4cc0         Options.compression_opts.parallel_threads: 1
2021/10/04-15:57:14.761391 7f771f4a4cc0                  Options.compression_opts.enabled: false
2021/10/04-15:57:14.761392 7f771f4a4cc0      Options.level0_file_num_compaction_trigger: 4
2021/10/04-15:57:14.761393 7f771f4a4cc0          Options.level0_slowdown_writes_trigger: 20
2021/10/04-15:57:14.761393 7f771f4a4cc0              Options.level0_stop_writes_trigger: 36
2021/10/04-15:57:14.761394 7f771f4a4cc0                   Options.target_file_size_base: 67108864
2021/10/04-15:57:14.761395 7f771f4a4cc0             Options.target_file_size_multiplier: 1
2021/10/04-15:57:14.761396 7f771f4a4cc0                Options.max_bytes_for_level_base: 268435456
2021/10/04-15:57:14.761396 7f771f4a4cc0 Options.level_compaction_dynamic_level_bytes: 0
2021/10/04-15:57:14.761397 7f771f4a4cc0          Options.max_bytes_for_level_multiplier: 10.000000
2021/10/04-15:57:14.761399 7f771f4a4cc0 Options.max_bytes_for_level_multiplier_addtl[0]: 1
2021/10/04-15:57:14.761400 7f771f4a4cc0 Options.max_bytes_for_level_multiplier_addtl[1]: 1
2021/10/04-15:57:14.761400 7f771f4a4cc0 Options.max_bytes_for_level_multiplier_addtl[2]: 1
2021/10/04-15:57:14.761401 7f771f4a4cc0 Options.max_bytes_for_level_multiplier_addtl[3]: 1
2021/10/04-15:57:14.761402 7f771f4a4cc0 Options.max_bytes_for_level_multiplier_addtl[4]: 1
2021/10/04-15:57:14.761402 7f771f4a4cc0 Options.max_bytes_for_level_multiplier_addtl[5]: 1
2021/10/04-15:57:14.761403 7f771f4a4cc0 Options.max_bytes_for_level_multiplier_addtl[6]: 1
2021/10/04-15:57:14.761404 7f771f4a4cc0       Options.max_sequential_skip_in_iterations: 8
2021/10/04-15:57:14.761404 7f771f4a4cc0                    Options.max_compaction_bytes: 1677721600
2021/10/04-15:57:14.761405 7f771f4a4cc0                        Options.arena_block_size: 8388608
2021/10/04-15:57:14.761406 7f771f4a4cc0   Options.soft_pending_compaction_bytes_limit: 68719476736
2021/10/04-15:57:14.761407 7f771f4a4cc0   Options.hard_pending_compaction_bytes_limit: 274877906944
2021/10/04-15:57:14.761407 7f771f4a4cc0       Options.rate_limit_delay_max_milliseconds: 100
2021/10/04-15:57:14.761408 7f771f4a4cc0                Options.disable_auto_compactions: 0
2021/10/04-15:57:14.761411 7f771f4a4cc0                        Options.compaction_style: kCompactionStyleLevel
2021/10/04-15:57:14.761412 7f771f4a4cc0                          Options.compaction_pri: kMinOverlappingRatio
2021/10/04-15:57:14.761413 7f771f4a4cc0 Options.compaction_options_universal.size_ratio: 1
2021/10/04-15:57:14.761413 7f771f4a4cc0 Options.compaction_options_universal.min_merge_width: 2
2021/10/04-15:57:14.761414 7f771f4a4cc0 Options.compaction_options_universal.max_merge_width: 4294967295
2021/10/04-15:57:14.761415 7f771f4a4cc0 Options.compaction_options_universal.max_size_amplification_percent: 200
2021/10/04-15:57:14.761415 7f771f4a4cc0 Options.compaction_options_universal.compression_size_percent: -1
2021/10/04-15:57:14.761416 7f771f4a4cc0 Options.compaction_options_universal.stop_style: kCompactionStopStyleTotalSize
2021/10/04-15:57:14.761417 7f771f4a4cc0 Options.compaction_options_fifo.max_table_files_size: 1073741824
2021/10/04-15:57:14.761418 7f771f4a4cc0 Options.compaction_options_fifo.allow_compaction: 0
2021/10/04-15:57:14.761425 7f771f4a4cc0                   Options.table_properties_collectors: 
2021/10/04-15:57:14.761425 7f771f4a4cc0                   Options.inplace_update_support: 0
2021/10/04-15:57:14.761426 7f771f4a4cc0                 Options.inplace_update_num_locks: 10000
2021/10/04-15:57:14.761437 7f771f4a4cc0               Options.memtable_prefix_bloom_size_ratio: 0.000000
2021/10/04-15:57:14.761438 7f771f4a4cc0               Options.memtable_whole_key_filtering: 0
2021/10/04-15:57:14.761439 7f771f4a4cc0   Options.memtable_huge_page_size: 0
2021/10/04-15:57:14.761439 7f771f4a4cc0                           Options.bloom_locality: 0
2021/10/04-15:57:14.761440 7f771f4a4cc0                    Options.max_successive_merges: 0
2021/10/04-15:57:14.761441 7f771f4a4cc0                Options.optimize_filters_for_hits: 0
2021/10/04-15:57:14.761441 7f771f4a4cc0                Options.paranoid_file_checks: 0
2021/10/04-15:57:14.761442 7f771f4a4cc0                Options.force_consistency_checks: 1
2021/10/04-15:57:14.761443 7f771f4a4cc0                Options.report_bg_io_stats: 0
2021/10/04-15:57:14.761443 7f771f4a4cc0                               Options.ttl: 2592000
2021/10/04-15:57:14.761444 7f771f4a4cc0          Options.periodic_compaction_seconds: 0
2021/10/04-15:57:14.761445 7f771f4a4cc0                    Options.enable_blob_files: false
2021/10/04-15:57:14.761445 7f771f4a4cc0                        Options.min_blob_size: 0
2021/10/04-15:57:14.761446 7f771f4a4cc0                       Options.blob_file_size: 268435456
2021/10/04-15:57:14.761447 7f771f4a4cc0                Options.blob_compression_type: NoCompression
2021/10/04-15:57:14.761448 7f771f4a4cc0       Options.enable_blob_garbage_collection: false
2021/10/04-15:57:14.761448 7f771f4a4cc0   Options.blob_garbage_collection_age_cutoff: 0.250000
2021/10/04-15:57:14.763048 7f771f4a4cc0 [db/version_set.cc:4805] Recovered from manifest file:test-ledger/rocksdb/MANIFEST-000001 succeeded,manifest_file_number is 1, next_file_number is 3, last_sequence is 0, log_number is 0,prev_log_number is 0,max_column_family is 0,min_log_number_to_keep is 0
2021/10/04-15:57:14.763058 7f771f4a4cc0 [db/version_set.cc:4814] Column family [default] (ID 0), log number is 0
2021/10/04-15:57:14.763116 7f771f4a4cc0 [db/version_set.cc:4111] Creating manifest 3
2021/10/04-15:57:14.775289 7f771f4a4cc0 [db/column_family.cc:597] --------------- Options for column family [meta]:
2021/10/04-15:57:14.775298 7f771f4a4cc0               Options.comparator: leveldb.BytewiseComparator
2021/10/04-15:57:14.775300 7f771f4a4cc0           Options.merge_operator: None
2021/10/04-15:57:14.775301 7f771f4a4cc0        Options.compaction_filter: None
2021/10/04-15:57:14.775303 7f771f4a4cc0        Options.compaction_filter_factory: purged_slot_filter_factory(meta)
2021/10/04-15:57:14.775304 7f771f4a4cc0  Options.sst_partitioner_factory: None
2021/10/04-15:57:14.775305 7f771f4a4cc0         Options.memtable_factory: SkipListFactory
2021/10/04-15:57:14.775306 7f771f4a4cc0            Options.table_factory: BlockBasedTable
2021/10/04-15:57:14.775326 7f771f4a4cc0            table_factory options:   flush_block_policy_factory: FlushBlockBySizePolicyFactory (0x562cd6408670)
  cache_index_and_filter_blocks: 0
  cache_index_and_filter_blocks_with_high_priority: 1
  pin_l0_filter_and_index_blocks_in_cache: 0
  pin_top_level_index_and_filter: 1
  index_type: 0
  data_block_index_type: 0
  index_shortening: 1
  data_block_hash_table_util_ratio: 0.750000
  hash_index_allow_collision: 1
  checksum: 1
  no_block_cache: 0
  block_cache: 0x562cd64086c0
  block_cache_name: LRUCache
  block_cache_options:
    capacity : 8388608
    num_shard_bits : 4
    strict_capacity_limit : 0
    memory_allocator : None
    high_pri_pool_ratio: 0.000
  block_cache_compressed: (nil)
  persistent_cache: (nil)
  block_size: 4096
  block_size_deviation: 10
  block_restart_interval: 16
  index_block_restart_interval: 1
  metadata_block_size: 4096
  partition_filters: 0
  use_delta_encoding: 1
  filter_policy: nullptr
  whole_key_filtering: 1
  verify_compression: 0
  read_amp_bytes_per_bit: 0
  format_version: 4
  enable_index_compression: 1
  block_align: 0
2021/10/04-15:57:14.775328 7f771f4a4cc0        Options.write_buffer_size: 268435456
2021/10/04-15:57:14.775328 7f771f4a4cc0  Options.max_write_buffer_number: 8
2021/10/04-15:57:14.775329 7f771f4a4cc0          Options.compression: NoCompression
2021/10/04-15:57:14.775330 7f771f4a4cc0                  Options.bottommost_compression: Disabled
2021/10/04-15:57:14.775331 7f771f4a4cc0       Options.prefix_extractor: nullptr
2021/10/04-15:57:14.775332 7f771f4a4cc0   Options.memtable_insert_with_hint_prefix_extractor: nullptr
2021/10/04-15:57:14.775332 7f771f4a4cc0             Options.num_levels: 7
2021/10/04-15:57:14.775333 7f771f4a4cc0        Options.min_write_buffer_number_to_merge: 1
2021/10/04-15:57:14.775334 7f771f4a4cc0     Options.max_write_buffer_number_to_maintain: 0
2021/10/04-15:57:14.775335 7f771f4a4cc0     Options.max_write_buffer_size_to_maintain: 0
2021/10/04-15:57:14.775335 7f771f4a4cc0            Options.bottommost_compression_opts.window_bits: -14
2021/10/04-15:57:14.775336 7f771f4a4cc0                  Options.bottommost_compression_opts.level: 32767
2021/10/04-15:57:14.775337 7f771f4a4cc0               Options.bottommost_compression_opts.strategy: 0
2021/10/04-15:57:14.775338 7f771f4a4cc0         Options.bottommost_compression_opts.max_dict_bytes: 0
2021/10/04-15:57:14.775338 7f771f4a4cc0         Options.bottommost_compression_opts.zstd_max_train_bytes: 0
2021/10/04-15:57:14.775339 7f771f4a4cc0         Options.bottommost_compression_opts.parallel_threads: 1
2021/10/04-15:57:14.775340 7f771f4a4cc0                  Options.bottommost_compression_opts.enabled: false
2021/10/04-15:57:14.775340 7f771f4a4cc0            Options.compression_opts.window_bits: -14
2021/10/04-15:57:14.775341 7f771f4a4cc0                  Options.compression_opts.level: 32767
2021/10/04-15:57:14.775342 7f771f4a4cc0               Options.compression_opts.strategy: 0
2021/10/04-15:57:14.775342 7f771f4a4cc0         Options.compression_opts.max_dict_bytes: 0
2021/10/04-15:57:14.775343 7f771f4a4cc0         Options.compression_opts.zstd_max_train_bytes: 0
2021/10/04-15:57:14.775344 7f771f4a4cc0         Options.compression_opts.parallel_threads: 1
2021/10/04-15:57:14.775344 7f771f4a4cc0                  Options.compression_opts.enabled: false
2021/10/04-15:57:14.775402 7f771f4a4cc0      Options.level0_file_num_compaction_trigger: 4
2021/10/04-15:57:14.775405 7f771f4a4cc0          Options.level0_slowdown_writes_trigger: 20
2021/10/04-15:57:14.775405 7f771f4a4cc0              Options.level0_stop_writes_trigger: 36
2021/10/04-15:57:14.775406 7f771f4a4cc0                   Options.target_file_size_base: 107374182
2021/10/04-15:57:14.775407 7f771f4a4cc0             Options.target_file_size_multiplier: 1
2021/10/04-15:57:14.775408 7f771f4a4cc0                Options.max_bytes_for_level_base: 1073741824
2021/10/04-15:57:14.775408 7f771f4a4cc0 Options.level_compaction_dynamic_level_bytes: 0
2021/10/04-15:57:14.775409 7f771f4a4cc0          Options.max_bytes_for_level_multiplier: 10.000000
2021/10/04-15:57:14.775411 7f771f4a4cc0 Options.max_bytes_for_level_multiplier_addtl[0]: 1
2021/10/04-15:57:14.775412 7f771f4a4cc0 Options.max_bytes_for_level_multiplier_addtl[1]: 1
2021/10/04-15:57:14.775412 7f771f4a4cc0 Options.max_bytes_for_level_multiplier_addtl[2]: 1
2021/10/04-15:57:14.775413 7f771f4a4cc0 Options.max_bytes_for_level_multiplier_addtl[3]: 1
2021/10/04-15:57:14.775414 7f771f4a4cc0 Options.max_bytes_for_level_multiplier_addtl[4]: 1
2021/10/04-15:57:14.775414 7f771f4a4cc0 Options.max_bytes_for_level_multiplier_addtl[5]: 1
2021/10/04-15:57:14.775415 7f771f4a4cc0 Options.max_bytes_for_level_multiplier_addtl[6]: 1
2021/10/04-15:57:14.775416 7f771f4a4cc0       Options.max_sequential_skip_in_iterations: 8
2021/10/04-15:57:14.775416 7f771f4a4cc0                    Options.max_compaction_bytes: 2684354550
2021/10/04-15:57:14.775417 7f771f4a4cc0                        Options.arena_block_size: 33554432
2021/10/04-15:57:14.775418 7f771f4a4cc0   Options.soft_pending_compaction_bytes_limit: 68719476736
2021/10/04-15:57:14.775419 7f771f4a4cc0   Options.hard_pending_compaction_bytes_limit: 274877906944
2021/10/04-15:57:14.775419 7f771f4a4cc0       Options.rate_limit_delay_max_milliseconds: 100
2021/10/04-15:57:14.775420 7f771f4a4cc0                Options.disable_auto_compactions: 0
2021/10/04-15:57:14.775423 7f771f4a4cc0                        Options.compaction_style: kCompactionStyleLevel
2021/10/04-15:57:14.775424 7f771f4a4cc0                          Options.compaction_pri: kMinOverlappingRatio
2021/10/04-15:57:14.775425 7f771f4a4cc0 Options.compaction_options_universal.size_ratio: 1
2021/10/04-15:57:14.775426 7f771f4a4cc0 Options.compaction_options_universal.min_merge_width: 2
2021/10/04-15:57:14.775426 7f771f4a4cc0 Options.compaction_options_universal.max_merge_width: 4294967295
2021/10/04-15:57:14.775427 7f771f4a4cc0 Options.compaction_options_universal.max_size_amplification_percent: 200
2021/10/04-15:57:14.775428 7f771f4a4cc0 Options.compaction_options_universal.compression_size_percent: -1
2021/10/04-15:57:14.775429 7f771f4a4cc0 Options.compaction_options_universal.stop_style: kCompactionStopStyleTotalSize
2021/10/04-15:57:14.775429 7f771f4a4cc0 Options.compaction_options_fifo.max_table_files_size: 1073741824
2021/10/04-15:57:14.775430 7f771f4a4cc0 Options.compaction_options_fifo.allow_compaction: 0
2021/10/04-15:57:14.775438 7f771f4a4cc0                   Options.table_properties_collectors: 
2021/10/04-15:57:14.775438 7f771f4a4cc0                   Options.inplace_update_support: 0
2021/10/04-15:57:14.775439 7f771f4a4cc0                 Options.inplace_update_num_locks: 10000
2021/10/04-15:57:14.775440 7f771f4a4cc0               Options.memtable_prefix_bloom_size_ratio: 0.000000
2021/10/04-15:57:14.775441 7f771f4a4cc0               Options.memtable_whole_key_filtering: 0
2021/10/04-15:57:14.775441 7f771f4a4cc0   Options.memtable_huge_page_size: 0
2021/10/04-15:57:14.775442 7f771f4a4cc0                           Options.bloom_locality: 0
2021/10/04-15:57:14.775443 7f771f4a4cc0                    Options.max_successive_merges: 0
2021/10/04-15:57:14.775443 7f771f4a4cc0                Options.optimize_filters_for_hits: 0
2021/10/04-15:57:14.775444 7f771f4a4cc0                Options.paranoid_file_checks: 0
2021/10/04-15:57:14.775445 7f771f4a4cc0                Options.force_consistency_checks: 1
2021/10/04-15:57:14.775456 7f771f4a4cc0                Options.report_bg_io_stats: 0
2021/10/04-15:57:14.775457 7f771f4a4cc0                               Options.ttl: 2592000
2021/10/04-15:57:14.775457 7f771f4a4cc0          Options.periodic_compaction_seconds: 2592000
2021/10/04-15:57:14.775458 7f771f4a4cc0                    Options.enable_blob_files: false
2021/10/04-15:57:14.775459 7f771f4a4cc0                        Options.min_blob_size: 0
2021/10/04-15:57:14.775459 7f771f4a4cc0                       Options.blob_file_size: 268435456
2021/10/04-15:57:14.775460 7f771f4a4cc0                Options.blob_compression_type: NoCompression
2021/10/04-15:57:14.775461 7f771f4a4cc0       Options.enable_blob_garbage_collection: false
2021/10/04-15:57:14.775461 7f771f4a4cc0   Options.blob_garbage_collection_age_cutoff: 0.250000
2021/10/04-15:57:14.775507 7f771f4a4cc0 [db/db_impl/db_impl.cc:2658] Created column family [meta] (ID 1)
2021/10/04-15:57:14.782576 7f771f4a4cc0 [db/column_family.cc:597] --------------- Options for column family [dead_slots]:
2021/10/04-15:57:14.782581 7f771f4a4cc0               Options.comparator: leveldb.BytewiseComparator
2021/10/04-15:57:14.782582 7f771f4a4cc0           Options.merge_operator: None
2021/10/04-15:57:14.782583 7f771f4a4cc0        Options.compaction_filter: None
2021/10/04-15:57:14.782585 7f771f4a4cc0        Options.compaction_filter_factory: purged_slot_filter_factory(dead_slots)
2021/10/04-15:57:14.782586 7f771f4a4cc0  Options.sst_partitioner_factory: None
2021/10/04-15:57:14.782586 7f771f4a4cc0         Options.memtable_factory: SkipListFactory
2021/10/04-15:57:14.782587 7f771f4a4cc0            Options.table_factory: BlockBasedTable
2021/10/04-15:57:14.782604 7f771f4a4cc0            table_factory options:   flush_block_policy_factory: FlushBlockBySizePolicyFactory (0x562cd640a7e0)
  cache_index_and_filter_blocks: 0
  cache_index_and_filter_blocks_with_high_priority: 1
  pin_l0_filter_and_index_blocks_in_cache: 0
  pin_top_level_index_and_filter: 1
  index_type: 0
  data_block_index_type: 0
  index_shortening: 1
  data_block_hash_table_util_ratio: 0.750000
  hash_index_allow_collision: 1
  checksum: 1
  no_block_cache: 0
  block_cache: 0x562cd640a830
  block_cache_name: LRUCache
  block_cache_options:
    capacity : 8388608
    num_shard_bits : 4
    strict_capacity_limit : 0
    memory_allocator : None
    high_pri_pool_ratio: 0.000
  block_cache_compressed: (nil)
  persistent_cache: (nil)
  block_size: 4096
  block_size_deviation: 10
  block_restart_interval: 16
  index_block_restart_interval: 1
  metadata_block_size: 4096
  partition_filters: 0
  use_delta_encoding: 1
  filter_policy: nullptr
  whole_key_filtering: 1
  verify_compression: 0
  read_amp_bytes_per_bit: 0
  format_version: 4
  enable_index_compression: 1
  block_align: 0
2021/10/04-15:57:14.782606 7f771f4a4cc0        Options.write_buffer_size: 268435456
2021/10/04-15:57:14.782606 7f771f4a4cc0  Options.max_write_buffer_number: 8
2021/10/04-15:57:14.782607 7f771f4a4cc0          Options.compression: NoCompression
2021/10/04-15:57:14.782608 7f771f4a4cc0                  Options.bottommost_compression: Disabled
2021/10/04-15:57:14.782609 7f771f4a4cc0       Options.prefix_extractor: nullptr
2021/10/04-15:57:14.782609 7f771f4a4cc0   Options.memtable_insert_with_hint_prefix_extractor: nullptr
2021/10/04-15:57:14.782610 7f771f4a4cc0             Options.num_levels: 7
2021/10/04-15:57:14.782611 7f771f4a4cc0        Options.min_write_buffer_number_to_merge: 1
2021/10/04-15:57:14.782611 7f771f4a4cc0     Options.max_write_buffer_number_to_maintain: 0
2021/10/04-15:57:14.782612 7f771f4a4cc0     Options.max_write_buffer_size_to_maintain: 0
2021/10/04-15:57:14.782613 7f771f4a4cc0            Options.bottommost_compression_opts.window_bits: -14
2021/10/04-15:57:14.782614 7f771f4a4cc0                  Options.bottommost_compression_opts.level: 32767
2021/10/04-15:57:14.782614 7f771f4a4cc0               Options.bottommost_compression_opts.strategy: 0
2021/10/04-15:57:14.782615 7f771f4a4cc0         Options.bottommost_compression_opts.max_dict_bytes: 0
2021/10/04-15:57:14.782616 7f771f4a4cc0         Options.bottommost_compression_opts.zstd_max_train_bytes: 0
2021/10/04-15:57:14.782617 7f771f4a4cc0         Options.bottommost_compression_opts.parallel_threads: 1
2021/10/04-15:57:14.782617 7f771f4a4cc0                  Options.bottommost_compression_opts.enabled: false
2021/10/04-15:57:14.782618 7f771f4a4cc0            Options.compression_opts.window_bits: -14
2021/10/04-15:57:14.782619 7f771f4a4cc0                  Options.compression_opts.level: 32767
2021/10/04-15:57:14.782620 7f771f4a4cc0               Options.compression_opts.strategy: 0
2021/10/04-15:57:14.782620 7f771f4a4cc0         Options.compression_opts.max_dict_bytes: 0
2021/10/04-15:57:14.782621 7f771f4a4cc0         Options.compression_opts.zstd_max_train_bytes: 0
2021/10/04-15:57:14.782622 7f771f4a4cc0         Options.compression_opts.parallel_threads: 1
2021/10/04-15:57:14.782622 7f771f4a4cc0                  Options.compression_opts.enabled: false
2021/10/04-15:57:14.782634 7f771f4a4cc0      Options.level0_file_num_compaction_trigger: 4
2021/10/04-15:57:14.782635 7f771f4a4cc0          Options.level0_slowdown_writes_trigger: 20
2021/10/04-15:57:14.782636 7f771f4a4cc0              Options.level0_stop_writes_trigger: 36
2021/10/04-15:57:14.782637 7f771f4a4cc0                   Options.target_file_size_base: 107374182
2021/10/04-15:57:14.782637 7f771f4a4cc0             Options.target_file_size_multiplier: 1
2021/10/04-15:57:14.782638 7f771f4a4cc0                Options.max_bytes_for_level_base: 1073741824
2021/10/04-15:57:14.782639 7f771f4a4cc0 Options.level_compaction_dynamic_level_bytes: 0
2021/10/04-15:57:14.782639 7f771f4a4cc0          Options.max_bytes_for_level_multiplier: 10.000000
2021/10/04-15:57:14.782641 7f771f4a4cc0 Options.max_bytes_for_level_multiplier_addtl[0]: 1
2021/10/04-15:57:14.782642 7f771f4a4cc0 Options.max_bytes_for_level_multiplier_addtl[1]: 1
2021/10/04-15:57:14.782642 7f771f4a4cc0 Options.max_bytes_for_level_multiplier_addtl[2]: 1
2021/10/04-15:57:14.782643 7f771f4a4cc0 Options.max_bytes_for_level_multiplier_addtl[3]: 1
2021/10/04-15:57:14.782644 7f771f4a4cc0 Options.max_bytes_for_level_multiplier_addtl[4]: 1
2021/10/04-15:57:14.782644 7f771f4a4cc0 Options.max_bytes_for_level_multiplier_addtl[5]: 1
2021/10/04-15:57:14.782645 7f771f4a4cc0 Options.max_bytes_for_level_multiplier_addtl[6]: 1
2021/10/04-15:57:14.782646 7f771f4a4cc0       Options.max_sequential_skip_in_iterations: 8
2021/10/04-15:57:14.782646 7f771f4a4cc0                    Options.max_compaction_bytes: 2684354550
2021/10/04-15:57:14.782647 7f771f4a4cc0                        Options.arena_block_size: 33554432
2021/10/04-15:57:14.782648 7f771f4a4cc0   Options.soft_pending_compaction_bytes_limit: 68719476736
2021/10/04-15:57:14.782648 7f771f4a4cc0   Options.hard_pending_compaction_bytes_limit: 274877906944
2021/10/04-15:57:14.782649 7f771f4a4cc0       Options.rate_limit_delay_max_milliseconds: 100
2021/10/04-15:57:14.782650 7f771f4a4cc0                Options.disable_auto_compactions: 0
2021/10/04-15:57:14.782651 7f771f4a4cc0                        Options.compaction_style: kCompactionStyleLevel
2021/10/04-15:57:14.782652 7f771f4a4cc0                          Options.compaction_pri: kMinOverlappingRatio
2021/10/04-15:57:14.782653 7f771f4a4cc0 Options.compaction_options_universal.size_ratio: 1
2021/10/04-15:57:14.782654 7f771f4a4cc0 Options.compaction_options_universal.min_merge_width: 2
2021/10/04-15:57:14.782654 7f771f4a4cc0 Options.compaction_options_universal.max_merge_width: 4294967295
2021/10/04-15:57:14.782655 7f771f4a4cc0 Options.compaction_options_universal.max_size_amplification_percent: 200
2021/10/04-15:57:14.782656 7f771f4a4cc0 Options.compaction_options_universal.compression_size_percent: -1
2021/10/04-15:57:14.782657 7f771f4a4cc0 Options.compaction_options_universal.stop_style: kCompactionStopStyleTotalSize
2021/10/04-15:57:14.782657 7f771f4a4cc0 Options.compaction_options_fifo.max_table_files_size: 1073741824
2021/10/04-15:57:14.782658 7f771f4a4cc0 Options.compaction_options_fifo.allow_compaction: 0
2021/10/04-15:57:14.782662 7f771f4a4cc0                   Options.table_properties_collectors: 
2021/10/04-15:57:14.782662 7f771f4a4cc0                   Options.inplace_update_support: 0
2021/10/04-15:57:14.782663 7f771f4a4cc0                 Options.inplace_update_num_locks: 10000
2021/10/04-15:57:14.782664 7f771f4a4cc0               Options.memtable_prefix_bloom_size_ratio: 0.000000
2021/10/04-15:57:14.782665 7f771f4a4cc0               Options.memtable_whole_key_filtering: 0
2021/10/04-15:57:14.782665 7f771f4a4cc0   Options.memtable_huge_page_size: 0
2021/10/04-15:57:14.782666 7f771f4a4cc0                           Options.bloom_locality: 0
2021/10/04-15:57:14.782667 7f771f4a4cc0                    Options.max_successive_merges: 0
2021/10/04-15:57:14.782667 7f771f4a4cc0                Options.optimize_filters_for_hits: 0
2021/10/04-15:57:14.782668 7f771f4a4cc0                Options.paranoid_file_checks: 0
2021/10/04-15:57:14.782669 7f771f4a4cc0                Options.force_consistency_checks: 1
2021/10/04-15:57:14.782674 7f771f4a4cc0                Options.report_bg_io_stats: 0
2021/10/04-15:57:14.782675 7f771f4a4cc0                               Options.ttl: 2592000
2021/10/04-15:57:14.782676 7f771f4a4cc0          Options.periodic_compaction_seconds: 2592000
2021/10/04-15:57:14.782676 7f771f4a4cc0                    Options.enable_blob_files: false
2021/10/04-15:57:14.782677 7f771f4a4cc0                        Options.min_blob_size: 0
2021/10/04-15:57:14.782678 7f771f4a4cc0                       Options.blob_file_size: 268435456
2021/10/04-15:57:14.782679 7f771f4a4cc0                Options.blob_compression_type: NoCompression
2021/10/04-15:57:14.782679 7f771f4a4cc0       Options.enable_blob_garbage_collection: false
2021/10/04-15:57:14.782680 7f771f4a4cc0   Options.blob_garbage_collection_age_cutoff: 0.250000
2021/10/04-15:57:14.782700 7f771f4a4cc0 [db/db_impl/db_impl.cc:2658] Created column family [dead_slots] (ID 2)
2021/10/04-15:57:14.789398 7f771f4a4cc0 [db/column_family.cc:597] --------------- Options for column family [duplicate_slots]:
2021/10/04-15:57:14.789403 7f771f4a4cc0               Options.comparator: leveldb.BytewiseComparator
2021/10/04-15:57:14.789404 7f771f4a4cc0           Options.merge_operator: None
2021/10/04-15:57:14.789405 7f771f4a4cc0        Options.compaction_filter: None
2021/10/04-15:57:14.789406 7f771f4a4cc0        Options.compaction_filter_factory: purged_slot_filter_factory(duplicate_slots)
2021/10/04-15:57:14.789407 7f771f4a4cc0  Options.sst_partitioner_factory: None
2021/10/04-15:57:14.789408 7f771f4a4cc0         Options.memtable_factory: SkipListFactory
2021/10/04-15:57:14.789409 7f771f4a4cc0            Options.table_factory: BlockBasedTable
2021/10/04-15:57:14.789426 7f771f4a4cc0            table_factory options:   flush_block_policy_factory: FlushBlockBySizePolicyFactory (0x562cd640ca00)
  cache_index_and_filter_blocks: 0
  cache_index_and_filter_blocks_with_high_priority: 1
  pin_l0_filter_and_index_blocks_in_cache: 0
  pin_top_level_index_and_filter: 1
  index_type: 0
  data_block_index_type: 0
  index_shortening: 1
  data_block_hash_table_util_ratio: 0.750000
  hash_index_allow_collision: 1
  checksum: 1
  no_block_cache: 0
  block_cache: 0x562cd640ca50
  block_cache_name: LRUCache
  block_cache_options:
    capacity : 8388608
    num_shard_bits : 4
    strict_capacity_limit : 0
    memory_allocator : None
    high_pri_pool_ratio: 0.000
  block_cache_compressed: (nil)
  persistent_cache: (nil)
  block_size: 4096
  block_size_deviation: 10
  block_restart_interval: 16
  index_block_restart_interval: 1
  metadata_block_size: 4096
  partition_filters: 0
  use_delta_encoding: 1
  filter_policy: nullptr
  whole_key_filtering: 1
  verify_compression: 0
  read_amp_bytes_per_bit: 0
  format_version: 4
  enable_index_compression: 1
  block_align: 0
2021/10/04-15:57:14.789427 7f771f4a4cc0        Options.write_buffer_size: 268435456
2021/10/04-15:57:14.789428 7f771f4a4cc0  Options.max_write_buffer_number: 8
2021/10/04-15:57:14.789429 7f771f4a4cc0          Options.compression: NoCompression
2021/10/04-15:57:14.789430 7f771f4a4cc0                  Options.bottommost_compression: Disabled
2021/10/04-15:57:14.789430 7f771f4a4cc0       Options.prefix_extractor: nullptr
2021/10/04-15:57:14.789431 7f771f4a4cc0   Options.memtable_insert_with_hint_prefix_extractor: nullptr
2021/10/04-15:57:14.789432 7f771f4a4cc0             Options.num_levels: 7
2021/10/04-15:57:14.789433 7f771f4a4cc0        Options.min_write_buffer_number_to_merge: 1
2021/10/04-15:57:14.789433 7f771f4a4cc0     Options.max_write_buffer_number_to_maintain: 0
2021/10/04-15:57:14.789434 7f771f4a4cc0     Options.max_write_buffer_size_to_maintain: 0
2021/10/04-15:57:14.789435 7f771f4a4cc0            Options.bottommost_compression_opts.window_bits: -14
2021/10/04-15:57:14.789436 7f771f4a4cc0                  Options.bottommost_compression_opts.level: 32767
